玉川
                                     確定
 158 0091                                    3 58 09 13
東京都世田谷区中町４ー１４ー７ ジオ上野毛１０１              マツタ゛   ソウイチ
                                     松田 総一
同上                   ＡＩシステムと半導体設計に関連する仕事     松田 総一    本人
         ◯                                       080 1206 4512
     1       14848075                          7576
                                               1106480


                                               1106480
                                               1106480
                                                 23236
              9538634                          1129716
                                                 52701
                                               1077000
                                               10770


              9538634
              1141436                           650000


               13
               58
              1851436
               111000                  1
              1962436
                                    確定
                                                      国 民 年 金      208,000   208,000
                                                      国民健康保険       933,436   933,436
       東京都世田谷区中町４ー１４ー７ ジオ上野毛１０１

       マツダ ソウイチ
       松田 総一



事業       ソリトンシステムズ 550,000
         〒160-0022 東京都新宿区新宿 2-4-3
                                         52,701



                                         52,701

                                                       佐賀県みやき町               113,000
                                                       佐賀県みやき町ほか


松田由紀                                                    61 12 01
松田龍司                                              子     03 01 01             ◯




                                                  ○   113,000

                                                                                 月 日
                            7
                      東京都世田谷区中町４ー１４ー７ ジオ上            マツダ ソウイチ
                      野毛１０１                          松田 総一
                      同上                                 080 - 1206 - 4512
                                                            -      -
                      ＡＩシステムと半導体設計に関連する仕事                                      -   -

08 03 11                                     1   1     12 31
           14848075                           681018

                                                                                       0
                                             1879564
           14848075   支払手数料                    30800
              14000   その他経費                   277308                         10188634
                                                                               650000
              27383                                                           9538634
             825862
                550
                                                3300
             859771                          4659441
              59885                         10188634
7         マツダ ソウイチ
          松田 総一


      971,850
    1,723,425
    1,537,800
    2,915,000
    2,832,500
    3,080,000
      330,000
      440,000
      247,500
      385,000
      385,000

                     東京都世田谷区中町4-14-7-101   ジオ上野毛               1,500,000
14848075             三井不動産リアルティ                    3,000,000

                     その他(3)件                        546,314      379,564


                                                               10,188,634
                                                                 650,000
14,848,075
14,848,075
                                                                  07 12 31
          1     1         12 31                  1      1          12 31
                            6,756,130

                                                      6,909,313       6,909,313

                                        保証金・敷金




              4,767,129     3,405,093

繰 延 資 産
ソフトウェア
その他固定資産
その他資産                         28,000
一括償却資産

                                                     -2,142,184      -2,142,184
                            4,766,540                                10,188,634
              4,767,129    14,955,763                 4,767,129      14,955,763
               7
東京都世田谷区中町４ー１４ー７ ジオ上野毛１０１            松田 総一


                           12,018            12,018   0




                                                  0   0
                                    12,018            0

                 12,018
                      0
                 12,018
              9,538,634
                476,931
                100,000
                      0
07
     東京都世田谷区中町４ー１４ー７ ジオ上野   マツダ ソウイチ
     毛１０１                   松田 総一
玉川
                                     確定
 158 0091                                    3 58 09 13
東京都世田谷区中町４ー１４ー７ ジオ上野毛１０１              マツタ゛   ソウイチ
                                     松田 総一
同上                   ＡＩシステムと半導体設計に関連する仕事     松田 総一    本人
         ◯                                       080 1206 4512
     1       14848075                          7576
                                               1106480


                                               1106480
                                               1106480
                                                 23236
              9538634                          1129716
                                                 52701
                                               1077000
                                               10770


              9538634
              1141436                           650000


               13
               58
              1851436
               111000
              1962436
                                    確定
                                                      国 民 年 金      208,000   208,000
                                                      国民健康保険       933,436   933,436
       東京都世田谷区中町４ー１４ー７ ジオ上野毛１０１

       マツダ ソウイチ
       松田 総一



事業       ソリトンシステムズ 550,000
         〒160-0022 東京都新宿区新宿 2-4-3
                                         52,701



                                         52,701

                                                       佐賀県みやき町               113,000
                                                       佐賀県みやき町ほか


松田由紀                                                    61 12 01
松田龍司                                              子     03 01 01             ◯




                                                  ○   113,000

                                                                                 月 日
                            7
                      東京都世田谷区中町４ー１４ー７ ジオ上            マツダ ソウイチ
                      野毛１０１                          松田 総一
                      同上                                 080 - 1206 - 4512
                                                            -      -
                      ＡＩシステムと半導体設計に関連する仕事                                      -   -

08 03 11                                     1   1     12 31
           14848075                           681018

                                                                                       0
                                             1879564
           14848075   支払手数料                    30800
              14000   その他経費                   277308                         10188634
                                                                               650000
              27383                                                           9538634
             825862
                550
                                                3300
             859771                          4659441
              59885                         10188634
7         マツダ ソウイチ
          松田 総一


      971,850
    1,723,425
    1,537,800
    2,915,000
    2,832,500
    3,080,000
      330,000
      440,000
      247,500
      385,000
      385,000

                     東京都世田谷区中町4-14-7-101   ジオ上野毛               1,500,000
14848075             三井不動産リアルティ                    3,000,000

                     その他(3)件                        546,314      379,564


                                                               10,188,634
                                                                 650,000
14,848,075
14,848,075
                                                                  07 12 31
          1     1         12 31                  1      1          12 31
                            6,756,130

                                                      6,909,313       6,909,313

                                        保証金・敷金




              4,767,129     3,405,093

繰 延 資 産
ソフトウェア
その他固定資産
その他資産                         28,000
一括償却資産

                                                     -2,142,184      -2,142,184
                            4,766,540                                10,188,634
              4,767,129    14,955,763                 4,767,129      14,955,763
